image_00000 455 348 493 392
image_00001 455 347 492 391
image_00002 461 348 495 396
image_00003 459 348 489 392
image_00004 459 348 494 395
image_00005 459 348 499 395
image_00006 464 341 491 395
image_00007 454 344 496 393
image_00008 454 346 494 394
image_00009 454 340 498 394
image_00010 453 341 496 395
image_00011 453 338 496 400
image_00012 455 337 498 400
image_00013 449 340 500 398
image_00014 449 339 498 402
image_00015 452 333 498 397
image_00016 450 334 502 402
image_00017 455 336 498 399
image_00018 451 323 524 398
image_00019 456 332 531 398
image_00020 451 330 533 399
image_00021 450 330 532 401
image_00022 446 327 533 400
image_00023 446 328 531 400
image_00024 443 325 540 399
image_00025 446 325 533 403
image_00026 447 330 534 397
image_00027 448 329 534 400
image_00028 474 336 531 405
image_00029 476 330 530 402
image_00030 480 324 532 405
image_00031 478 321 531 408
image_00032 480 321 532 411
image_00033 483 322 531 408
image_00034 485 321 530 412
image_00035 483 320 534 411
image_00036 485 321 530 408
image_00037 486 321 528 403
image_00038 483 325 530 410
image_00039 485 322 547 408
image_00040 482 326 543 406
image_00041 480 323 541 408
image_00042 482 320 545 408
image_00043 480 318 544 406
image_00044 486 315 547 404
image_00045 493 317 545 366
image_00046 495 310 542 362
image_00047 499 308 544 357
image_00048 502 311 545 355
image_00049 509 312 540 350
image_00050 505 312 539 345
image_00051 510 314 541 347
image_00052 509 316 538 349
image_00053 516 315 540 347
image_00054 514 318 537 347
image_00055 511 316 536 345
image_00056 519 316 537 343
image_00057 516 317 533 344
image_00058 518 313 535 339
image_00059 513 315 530 338
image_00060 512 317 533 345
image_00061 515 318 533 342
image_00062 517 318 533 339
image_00063 518 315 530 340
